{
  "advancedEditorSelectedIdentifier" : "ProjectBrowser",
  "openSceneRelativePaths" : [
    "Scene.usda",
    "ImmersiveScene.usda"
  ],
  "recentIdentifiers" : {
    "26DBAE76-5DD8-47B6-A085-1B4ADA111097" : [

    ]
  },
  "sceneCameraHistory" : {
    "26DBAE76-5DD8-47B6-A085-1B4ADA111097" : [
      {
        "date" : 734166226.734957,
        "title" : "Untitled",
        "transform" : [
          0.9292853,
          2.980768e-10,
          -0.3693628,
          0,
          -0.21570571,
          0.81175774,
          -0.5426972,
          0,
          0.29983312,
          0.5839942,
          0.75435466,
          0,
          0.11149206,
          0.21703337,
          0.28050455,
          1
        ]
      },
      {
        "date" : 734160933.370177,
        "title" : "Untitled",
        "transform" : [
          0.9995105,
          5.417547e-11,
          -0.03128236,
          0,
          -0.01876966,
          0.7999942,
          -0.59971404,
          0,
          0.025025709,
          0.6000077,
          0.7996026,
          0,
          0.009305814,
          0.22298796,
          0.29733235,
          1
        ]
      },
      {
        "date" : 734160677.12376,
        "title" : "Untitled",
        "transform" : [
          0.99999994,
          0,
          -0,
          0,
          -0,
          0.8660254,
          -0.49999994,
          0,
          0,
          0.49999994,
          0.8660254,
          0,
          0,
          0.18580095,
          0.32201672,
          1
        ]
      }
    ],
    "9233100C-EF85-4758-A387-90A597339D90" : [
      {
        "date" : 734166252.431493,
        "title" : "Untitled",
        "transform" : [
          0.96633494,
          6.388312e-10,
          0.2572874,
          0,
          0.13589346,
          0.84913385,
          -0.51039654,
          0,
          -0.21847147,
          0.5281777,
          0.82054776,
          0,
          -0.088742144,
          0.27228495,
          1.2079949,
          1
        ]
      },
      {
        "date" : 734166233.772174,
        "title" : "Untitled",
        "transform" : [
          -0.71497184,
          -6.2358723e-09,
          -0.69915324,
          0,
          -0.3691421,
          0.849254,
          0.37749404,
          0,
          0.5937587,
          0.5279845,
          -0.6071927,
          0,
          0.37723905,
          0.27149904,
          0.114559494,
          1
        ]
      },
      {
        "date" : 734166218.719499,
        "title" : "Untitled",
        "transform" : [
          -0.97594655,
          -2.5690596e-09,
          -0.21800965,
          0,
          -0.08214658,
          0.9262936,
          0.36773908,
          0,
          0.20194095,
          0.37680244,
          -0.9040131,
          0,
          0.17575951,
          0.19375859,
          -0.03807121,
          1
        ]
      },
      {
        "date" : 734166059.408539,
        "title" : "Untitled",
        "transform" : [
          -0.98969734,
          3.1981409e-09,
          0.14317524,
          0,
          0.023779932,
          0.9861107,
          0.16437851,
          0,
          -0.14118662,
          0.16608967,
          -0.9759511,
          0,
          -0.06513712,
          0.045743816,
          -0.08500537,
          1
        ]
      },
      {
        "date" : 734164826.24049,
        "title" : "Untitled",
        "transform" : [
          0.9927156,
          1.1053762e-09,
          0.12048116,
          0,
          0.049088217,
          0.91323435,
          -0.4044669,
          0,
          -0.11002752,
          0.40743476,
          0.9065819,
          0,
          -0.11506402,
          0.2175871,
          1.2441921,
          1
        ]
      },
      {
        "date" : 734164817.307654,
        "title" : "Untitled",
        "transform" : [
          -0.9692547,
          1.3901982e-09,
          0.24605975,
          0,
          0.11578514,
          0.8823695,
          0.4560896,
          0,
          -0.21711564,
          0.47055706,
          -0.8552409,
          0,
          -0.121360175,
          0.2628204,
          -0.025911711,
          1
        ]
      },
      {
        "date" : 734164734.12631,
        "title" : "Untitled",
        "transform" : [
          -0.99672294,
          -1.3001881e-09,
          0.080892,
          0,
          0.012108468,
          0.9887335,
          0.14919634,
          0,
          -0.07998062,
          0.14968689,
          -0.9854933,
          0,
          -0.01907887,
          0.035885096,
          -0.08841293,
          1
        ]
      },
      {
        "date" : 734164729.617096,
        "title" : "Untitled",
        "transform" : [
          0.97590333,
          -1.0010011e-09,
          -0.21820353,
          0,
          -0.028414577,
          0.99148506,
          -0.12708265,
          0,
          0.21634553,
          0.13022053,
          0.96759355,
          0,
          0.030899338,
          0.03432338,
          0.08564884,
          1
        ]
      },
      {
        "date" : 734164726.790931,
        "title" : "Untitled",
        "transform" : [
          0.9713156,
          -1.4767754e-10,
          -0.23779432,
          0,
          -0.02624828,
          0.9938893,
          -0.10721604,
          0,
          0.2363412,
          0.11038229,
          0.9653801,
          0,
          0.030899338,
          0.03432338,
          0.08564884,
          1
        ]
      },
      {
        "date" : 734164723.401888,
        "title" : "Untitled",
        "transform" : [
          0.9713156,
          -1.4767754e-10,
          -0.23779432,
          0,
          -0.02624828,
          0.9938893,
          -0.10721604,
          0,
          0.2363412,
          0.11038229,
          0.9653801,
          0,
          0.04008753,
          0.054201163,
          0.08112658,
          1
        ]
      }
    ],
    "94629847-4A14-4A48-863C-4FE255150C3E" : [
      {
        "date" : 734167382.86342,
        "title" : "Untitled",
        "transform" : [
          -0.38544667,
          -2.330728e-09,
          0.92273015,
          0,
          0.35500622,
          0.92302716,
          0.14829467,
          0,
          -0.851705,
          0.38473457,
          -0.35577783,
          0,
          -0.5562935,
          0.28475535,
          0.20211622,
          1
        ]
      },
      {
        "date" : 734166360.985947,
        "title" : "Untitled",
        "transform" : [
          -0.91267246,
          7.746635e-10,
          0.40869185,
          0,
          0.20250124,
          0.8686157,
          0.45221674,
          0,
          -0.35499611,
          0.49548632,
          -0.7927617,
          0,
          -0.5281669,
          0.33621213,
          -0.19849473,
          1
        ]
      },
      {
        "date" : 734166348.646916,
        "title" : "Untitled",
        "transform" : [
          -0.9990147,
          1.6443584e-10,
          0.04438122,
          0,
          0.02272671,
          0.85893816,
          0.51157475,
          0,
          -0.038120728,
          0.5120793,
          -0.85809183,
          0,
          -0.19718067,
          0.3542944,
          -0.33015484,
          1
        ]
      },
      {
        "date" : 734166316.915343,
        "title" : "Untitled",
        "transform" : [
          1,
          0,
          -0,
          0,
          -0,
          0.8660253,
          -0.50000006,
          0,
          0,
          0.50000006,
          0.8660253,
          0,
          0,
          0.21751785,
          0.37675202,
          1
        ]
      }
    ]
  },
  "selectedSceneRelativePath" : "ImmersiveScene.usda"
}